1,BRIDGE,Usagi,
2,1, 1,7,15, 0, -1, 1,1,1, 13,13,13
3,all

5, 13,7, 3, 0,0,0, 0,0, 100, 0,0, 2,2,2, 2
5, 12,5,4, 0,0,0, 0,0, 0, 1,0, 4,2,4, 1

5, 1,5,7, 0,0,0, 0.078125,  0, 0, 0, 0, 2,2,2, 7
5, 7,5,9, 0,0,0, 0.046875, 0, 0, 0, 0, 2,2,2, 7
5, 5,5,11, 0,0,0, 0.03125, 0,0, 0, 0, 2,2,2, 7
5, 3,5,13, 0,0,0, 0.0546875, 0,0, 0,0, 2,2,2, 7

6, 0,2,7, 1,1,1, 0,0, 1

4, 2, 4.1, 4
4, 2,6,4
4, 2,8,4
4, 3,5,4
4, 3,7,4
4, 3,9,4
4, 4, 4.1, 4
4, 4,6,4
4, 4,8,4

0, 6, 0,7,4, 3,3,1, 0,0, 1

