1,CANDLES,Usagi,
2,1, 1,7,15, 0, -1, 1,3,1, 15,17,15
3,all

5, 5,11,1, 0,0,0, 0,0, 10, 0,1, 2,2,2, 2
5, 5,9,1, 0,0,0, 0,0, 0, 0,1, 2,2,2, 1

5, 15,8,7, 0,0,0, 0,0, 10, 0,1, 2,2,2, 2
5, 15,6,7, 0,0,0, 0, 0, 0, 0,1, 2,2,2, 1

5, 15,11,1, 0,0,0, 0,0, 10, 0,1, 2,2,2, 2
5, 15,9,1, 0,0,0,  0,0, 0, 0,1, 2,2,2, 1


5, 5,10,5, 0,0,0, 0,0, 100, 1,1, 2,2,2, 4
5, 5,7,5, 0,0,0, 0, 0, 100, 1,1, 2,2,2, 4

5, 11,10,5, 0,0,0, 0,0, 100, 1,1, 2,2,2, 4
5, 11,7,5, 0,0,0, 0,0, 100, 1,1, 2,2,2, 4
5, 9, 9,7, 0,0,0, 0,0, 100, 1,1, 2,2,2, 4

0, 5, 11, 10, 11, 0,0,0, 0,0, 100, 1,1, 2,2,2, 4
0, 5, 11, 7, 11, 0,0,0, 0,0, 100, 1,1, 2,2,2, 4
0, 5, 11, 4, 11, 0,0,0, 0,0, 100, 1,1, 2,2,2, 4

5, 5, 9, 9, 0,0,0, 0,0, 100, 1,1, 2,2,2, 4
0, 5, 7, 9, 9, 0,0,0, 0,0, 100, 1,1, 2,2,2, 4
0, 5, 7, 9, 11, 0,0,0, 0,0, 100, 1,1, 2,2,2, 4


6, 0,2,7, 1,1,1, 0,1, 1
0, 6, 0,0,0, 8,1,8, 0, 1.5, 1


