1,NO.39,Usagi,
2,1, 8,9,17, 0, -1, 1,1,1, 15,18, 5
3,all

0, 6, 0,3,8, 1,1,1, 0,0, 1
5, 8,7,17, 0,0,0, 0,0, 0, 0,1, 2,2,2, 1


5, 3,17,1, 0,0,0, 0,0, 100, 0,1, 2,2,2, 2
5, 13,17,1, 0,0,0, 0,0, 100, 0,1, 2,2,2, 2

6, 0,2,0, 1,8,1, 0,1, 1
6, 1,7,0, 1,1,1, 0,1, 1
6, 2,5,0, 1,1,1, 0,1, 1
6, 3,3,0, 2,1,1, 0,1, 1
6, 5,5,0, 1,1,1, 0,1, 1
6, 6,7,0, 1,1,1, 0,1, 1
6, 7,2,0, 1,8,1, 0,1, 1


5, 6, 17, 9, 0,0, 0.7854, 0,0, 100, 0,0, 2,2,2, 4
5, 10, 17, 9, 0,0, 0.7854, 0,0, 100, 0,0, 2,2,2, 4

5, 6,17,5, 0,0,0, 0.0, 0.0, 0.02, 0,0, 1,1,1, 7
5, 8,17,5, 0,0,0, 0.0, 0.0, 0.02, 0,0, 1,1,1, 7
5, 10,17,5, 0,0,0, 0.0, 0.0, 0.02, 0,0, 1,1,1, 7

5, 7,17,4, 0,0,0, 0.0, 0.0, 0.02, 0,0, 1,1,1, 7
5, 9,17,4, 0,0,0, 0.0, 0.0, 0.02, 0,0, 1,1,1, 7


