1,PUSHER,Usagi,
2,1, 7,15,19, 0, 0, -4,-999,1, 8,999,15
3,all

7, -4,9,1, 0,0,0, 0.04,0,0, 100,0, 2,2,2, 7
7, -4,9,3, 0,0,0, 0.04,0,0, 100,0, 2,2,2, 7
7, -4,9,5, 0,0,0, 0.04,0,0, 100,0, 2,2,2, 7
7, -4,9,7, 0,0,0, 0.04,0,0, 100,0, 2,2,2, 7
7, -4,9,9, 0,0,0, 0.04,0,0, 100,0, 2,2,2, 7
7, -4,9,11, 0,0,0, 0.04,0,0, 100,0, 2,2,2, 7
7, -4,9,13, 0,0,0, 0.04,0,0, 100,0, 2,2,2, 7
7, -4,9,15, 0,0,0, 0.04,0,0, 100,0, 2,2,2, 7

7, -3,4,4, 0,0,0, 0.04,0,0, 0,0, 8,8,8, 7
7, -3,4,12, 0,0,0, 0.04,0,0, 0,0, 8,8,8, 7


5, -3,10,1, 0,0,0, 0,0.2, 10, 0.5, 0.5, 2,2,2, 1
5, -3,10,3, 0,0,0, 0,0.2, 100, 0.5, 0.5, 2,2,2, 1
5, -3,10,5, 0,0,0, 0,0.2, 100, 1, 0.5, 2,2,2, 1
5, -3,10,7, 0,0,0, 0,0.2, 100, 1, 0.5, 2,2,2, 1

5, 0,10,1, 0,0,0, 0,0.2, 100, 1, 0.5, 2,2,2, 1
5, 0,10,3, 0,0,0, 0,0.2, 100, 1, 0.5, 2,2,2, 2
5, 0,10,5, 0,0,0, 0,0.2, 100, 1, 0.5, 2,2,2, 1
5, 0,10,7, 0,0,0, 0,0.2, 100, 1, 0.5, 2,2,2, 1

5, 7,1,2, 0,0,0, 0,0, 100, 1,1, 2,2,2, 1
5, 8,1,4, 0,0,0, 0,0, 100, 1,1, 2,2,2, 1
5, 11,1,4, 0,0,0, 0,0, 100, 1,1, 2,2,2, 1
5, 9,1,7, 0,0,0, 0,0, 100, 1,1, 2,2,2, 1
5, 6,1,9, 0,0,0, 0,0, 100, 1,1, 2,2,2, 1
5, 10,1,11, 0,0,0, 0,0, 100, 1,1, 2,2,2, 1
5, 6,1,12, 0,0,0, 0,0, 100, 1,1, 2,2,2, 1
5, 12,1,10, 0,0,0, 0,0, 100, 1,1, 2,2,2, 1
5, 15,1,12, 0,0,0, 0,0, 100, 1,1, 2,2,2, 1


0, 7, 7,17,17, 0,0,0, 0,0, 50, 1,1, 2,2,2, 1
7, 7,15,17, 0,0,0, 0,0, 50, 1,1, 2,2,2, 1
6, 3,6,8, 1,1,2, 0,0, 1

6, 0,0,-1, 8,8,1, 1, 0.2, 1
6, 0,-1,0, 8,1,8, 1, 0.2, 1
